ply
format ascii 1.0
comment VCGLIB generated
element vertex 36
property float x
property float y
property float z
property float nx
property float ny
property float nz
property uchar red
property uchar green
property uchar blue
property uchar alpha
property float texture_u
property float texture_v
element face 12
property list uchar int vertex_indices
end_header
-0.5 -0.5 -0.5 -0.5773503 -0.5773503 -0.5773503 255 255 255 255 0.0009765625 0.9990234
0.5 -0.5 -0.5 0.3333333 -0.6666667 -0.6666667 255 255 255 255 0.3309757 0.9990234
-0.5 0.5 -0.5 -0.6666667 0.3333333 -0.6666667 255 255 255 255 0.0009765625 0.6690243
0.5 0.5 -0.5 0.6666667 0.6666667 -0.3333333 255 255 255 255 0.3323568 0.6676432
-0.5 -0.5 0.5 -0.6666667 -0.6666667 0.3333333 255 255 255 255 0.3343099 0.6690243
0.5 -0.5 0.5 0.6666667 -0.3333333 0.6666667 255 255 255 255 0.9990234 0.6676432
-0.5 0.5 0.5 -0.3333333 0.6666667 0.6666667 255 255 255 255 0.6656901 0.6676432
0.5 0.5 0.5 0.5773503 0.5773503 0.5773503 255 255 255 255 0.0009765625 0.6656901
0.5 -0.5 -0.5 0.3333333 -0.6666667 -0.6666667 255 255 255 255 0.3323568 0.9976424
-0.5 0.5 -0.5 -0.6666667 0.3333333 -0.6666667 255 255 255 255 0.002357631 0.6676432
-0.5 0.5 -0.5 -0.6666667 0.3333333 -0.6666667 255 255 255 255 0.664309 0.9990234
-0.5 -0.5 -0.5 -0.5773503 -0.5773503 -0.5773503 255 255 255 255 0.3343099 0.9990234
-0.5 0.5 -0.5 -0.6666667 0.3333333 -0.6666667 255 255 255 255 0.6656901 0.9976424
-0.5 -0.5 0.5 -0.6666667 -0.6666667 0.3333333 255 255 255 255 0.335691 0.6676432
0.5 -0.5 -0.5 0.3333333 -0.6666667 -0.6666667 255 255 255 255 0.6676432 0.6690243
-0.5 -0.5 0.5 -0.6666667 -0.6666667 0.3333333 255 255 255 255 0.9976424 0.9990234
-0.5 -0.5 -0.5 -0.5773503 -0.5773503 -0.5773503 255 255 255 255 0.6676432 0.9990234
-0.5 -0.5 0.5 -0.6666667 -0.6666667 0.3333333 255 255 255 255 0.9990234 0.9976424
0.5 -0.5 -0.5 0.3333333 -0.6666667 -0.6666667 255 255 255 255 0.6690243 0.6676432
-0.5 0.5 0.5 -0.3333333 0.6666667 0.6666667 255 255 255 255 0.0009765625 0.3356909
0.5 -0.5 0.5 0.6666667 -0.3333333 0.6666667 255 255 255 255 0.3309757 0.6656901
0.5 -0.5 0.5 0.6666667 -0.3333333 0.6666667 255 255 255 255 0.3323568 0.664309
-0.5 0.5 0.5 -0.3333333 0.6666667 0.6666667 255 255 255 255 0.002357631 0.3343098
-0.5 -0.5 0.5 -0.6666667 -0.6666667 0.3333333 255 255 255 255 0.3323568 0.3343098
0.5 0.5 -0.5 0.6666667 0.6666667 -0.3333333 255 255 255 255 0.3343099 0.3356909
-0.5 0.5 0.5 -0.3333333 0.6666667 0.6666667 255 255 255 255 0.664309 0.6656901
0.5 0.5 0.5 0.5773503 0.5773503 0.5773503 255 255 255 255 0.3343099 0.6656901
-0.5 0.5 0.5 -0.3333333 0.6666667 0.6666667 255 255 255 255 0.6656901 0.664309
0.5 0.5 -0.5 0.6666667 0.6666667 -0.3333333 255 255 255 255 0.335691 0.3343098
-0.5 0.5 -0.5 -0.6666667 0.3333333 -0.6666667 255 255 255 255 0.6656901 0.3343098
0.5 -0.5 0.5 0.6666667 -0.3333333 0.6666667 255 255 255 255 0.6676432 0.3356909
0.5 0.5 -0.5 0.6666667 0.6666667 -0.3333333 255 255 255 255 0.9976424 0.6656901
0.5 0.5 0.5 0.5773503 0.5773503 0.5773503 255 255 255 255 0.6676432 0.6656901
0.5 0.5 -0.5 0.6666667 0.6666667 -0.3333333 255 255 255 255 0.9990234 0.664309
0.5 -0.5 0.5 0.6666667 -0.3333333 0.6666667 255 255 255 255 0.6690243 0.3343098
0.5 -0.5 -0.5 0.3333333 -0.6666667 -0.6666667 255 255 255 255 0.9990234 0.3343098
3 2 1 0 
3 8 9 3 
3 4 10 11 
3 12 13 6 
3 14 15 16 
3 17 18 5 
3 19 20 7 
3 21 22 23 
3 24 25 26 
3 27 28 29 
3 30 31 32 
3 33 34 35 
